> setwd("C:/Users/mrbre/Desktop/Studia/APU/Lab3/")
> install.packages("neuralnet")
Instalowanie pakietu w ‘C:/Users/mrbre/AppData/Local/R/win-library/4.3’
(ponieważ ‘lib’ nie jest określony)
próbowanie adresu URL 'https://cran.rstudio.com/bin/windows/contrib/4.3/neuralnet_1.44.2.zip'
Content type 'application/zip' length 123927 bytes (121 KB)
downloaded 121 KB

pakiet ‘neuralnet’ został pomyślnie rozpakowany oraz sumy MD5 zostały sprawdzone

Pobrane pakiety binarne są w
	C:\Users\mrbre\AppData\Local\Temp\RtmpqGvSxB\downloaded_packages
> library("neuralnet")
> seq <- 1:100
> res <- vector()
> for(x in seq) { res<-append(res, x^3 + 2*x) }
> traininginput <- as.data.frame(matrix(seq, nrow=100, ncol=1))
> trainingoutput <- res
> 
> maxs <- max(traininginput)
> mins <- min(traininginput)
> scaled.traininginput <- as.data.frame(scale((traininginput), center = mins, scale = maxs - mins))
> print(head(scaled.traininginput, 100))
            V1
1   0.00000000
2   0.01010101
3   0.02020202
4   0.03030303
5   0.04040404
6   0.05050505
7   0.06060606
8   0.07070707
9   0.08080808
10  0.09090909
11  0.10101010
12  0.11111111
13  0.12121212
14  0.13131313
15  0.14141414
16  0.15151515
17  0.16161616
18  0.17171717
19  0.18181818
20  0.19191919
21  0.20202020
22  0.21212121
23  0.22222222
24  0.23232323
25  0.24242424
26  0.25252525
27  0.26262626
28  0.27272727
29  0.28282828
30  0.29292929
31  0.30303030
32  0.31313131
33  0.32323232
34  0.33333333
35  0.34343434
36  0.35353535
37  0.36363636
38  0.37373737
39  0.38383838
40  0.39393939
41  0.40404040
42  0.41414141
43  0.42424242
44  0.43434343
45  0.44444444
46  0.45454545
47  0.46464646
48  0.47474747
49  0.48484848
50  0.49494949
51  0.50505051
52  0.51515152
53  0.52525253
54  0.53535354
55  0.54545455
56  0.55555556
57  0.56565657
58  0.57575758
59  0.58585859
60  0.59595960
61  0.60606061
62  0.61616162
63  0.62626263
64  0.63636364
65  0.64646465
66  0.65656566
67  0.66666667
68  0.67676768
69  0.68686869
70  0.69696970
71  0.70707071
72  0.71717172
73  0.72727273
74  0.73737374
75  0.74747475
76  0.75757576
77  0.76767677
78  0.77777778
79  0.78787879
80  0.79797980
81  0.80808081
82  0.81818182
83  0.82828283
84  0.83838384
85  0.84848485
86  0.85858586
87  0.86868687
88  0.87878788
89  0.88888889
90  0.89898990
91  0.90909091
92  0.91919192
93  0.92929293
94  0.93939394
95  0.94949495
96  0.95959596
97  0.96969697
98  0.97979798
99  0.98989899
100 1.00000000 
> trainingdata <- cbind(scaled.traininginput, trainingoutput)
> trainingdata <- cbind(scaled.traininginput, as.data.frame(scale(trainingoutput, center = min(trainingoutput), scale = max(trainingoutput - min(trainingoutput)))))
> colnames(trainingdata) <- c("In", "Out")
> print(trainingdata)
            In          Out
1   0.00000000 0.000000e+00
2   0.01010101 8.998227e-06
3   0.02020202 2.999409e-05
4   0.03030303 6.898641e-05
5   0.04040404 1.319740e-04
6   0.05050505 2.249557e-04
7   0.06060606 3.539303e-04
8   0.07070707 5.248966e-04
9   0.08080808 7.438535e-04
10  0.09090909 1.016800e-03
11  0.10101010 1.349734e-03
12  0.11111111 1.748656e-03
13  0.12121212 2.219563e-03
14  0.13131313 2.768455e-03
15  0.14141414 3.401330e-03
16  0.15151515 4.124188e-03
17  0.16161616 4.943026e-03
18  0.17171717 5.863845e-03
19  0.18181818 6.892642e-03
20  0.19191919 8.035417e-03
21  0.20202020 9.298168e-03
22  0.21212121 1.068689e-02
23  0.22222222 1.220760e-02
24  0.23232323 1.386627e-02
25  0.24242424 1.566891e-02
26  0.25252525 1.762153e-02
27  0.26262626 1.973011e-02
28  0.27272727 2.200067e-02
29  0.28282828 2.443919e-02
30  0.29292929 2.705167e-02
31  0.30303030 2.984412e-02
32  0.31313131 3.282253e-02
33  0.32323232 3.599291e-02
34  0.33333333 3.936125e-02
35  0.34343434 4.293354e-02
36  0.35353535 4.671580e-02
37  0.36363636 5.071401e-02
38  0.37373737 5.493418e-02
39  0.38383838 5.938230e-02
40  0.39393939 6.406438e-02
41  0.40404040 6.898641e-02
42  0.41414141 7.415439e-02
43  0.42424242 7.957432e-02
44  0.43434343 8.525221e-02
45  0.44444444 9.119403e-02
46  0.45454545 9.740581e-02
47  0.46464646 1.038935e-01
48  0.47474747 1.106632e-01
49  0.48484848 1.177208e-01
50  0.49494949 1.250724e-01
51  0.50505051 1.327239e-01
52  0.51515152 1.406813e-01
53  0.52525253 1.489507e-01
54  0.53535354 1.575380e-01
55  0.54545455 1.664492e-01
56  0.55555556 1.756904e-01
57  0.56565657 1.852675e-01
58  0.57575758 1.951865e-01
59  0.58585859 2.054535e-01
60  0.59595960 2.160744e-01
61  0.60606061 2.270553e-01
62  0.61616162 2.384020e-01
63  0.62626263 2.501207e-01
64  0.63636364 2.622173e-01
65  0.64646465 2.746979e-01
66  0.65656566 2.875683e-01
67  0.66666667 3.008347e-01
68  0.67676768 3.145030e-01
69  0.68686869 3.285793e-01
70  0.69696970 3.430694e-01
71  0.70707071 3.579795e-01
72  0.71717172 3.733155e-01
73  0.72727273 3.890834e-01
74  0.73737374 4.052892e-01
75  0.74747475 4.219389e-01
76  0.75757576 4.390385e-01
77  0.76767677 4.565941e-01
78  0.77777778 4.746115e-01
79  0.78787879 4.930969e-01
80  0.79797980 5.120561e-01
81  0.80808081 5.314953e-01
82  0.81818182 5.514204e-01
83  0.82828283 5.718373e-01
84  0.83838384 5.927522e-01
85  0.84848485 6.141710e-01
86  0.85858586 6.360997e-01
87  0.86868687 6.585443e-01
88  0.87878788 6.815107e-01
89  0.88888889 7.050051e-01
90  0.89898990 7.290334e-01
91  0.90909091 7.536015e-01
92  0.91919192 7.787156e-01
93  0.92929293 8.043815e-01
94  0.93939394 8.306054e-01
95  0.94949495 8.573931e-01
96  0.95959596 8.847507e-01
97  0.96969697 9.126842e-01
98  0.97979798 9.411996e-01
99  0.98989899 9.703029e-01
100 1.00000000 1.000000e+00

[34,] 0.33333333
 [35,] 0.34343434
 [36,] 0.35353535
 [37,] 0.36363636
 [38,] 0.37373737
 [39,] 0.38383838
 [40,] 0.39393939
 [41,] 0.40404040
 [42,] 0.41414141
 [43,] 0.42424242
 [44,] 0.43434343
 [45,] 0.44444444
 [46,] 0.45454545
 [47,] 0.46464646
 [48,] 0.47474747
 [49,] 0.48484848
 [50,] 0.49494949
 [51,] 0.50505051
 [52,] 0.51515152
 [53,] 0.52525253
 [54,] 0.53535354
 [55,] 0.54545455
 [56,] 0.55555556
 [57,] 0.56565657
 [58,] 0.57575758
 [59,] 0.58585859
 [60,] 0.59595960
 [61,] 0.60606061
 [62,] 0.61616162
 [63,] 0.62626263
 [64,] 0.63636364
 [65,] 0.64646465
 [66,] 0.65656566
 [67,] 0.66666667
 [68,] 0.67676768
 [69,] 0.68686869
 [70,] 0.69696970
 [71,] 0.70707071
 [72,] 0.71717172
 [73,] 0.72727273
 [74,] 0.73737374
 [75,] 0.74747475
 [76,] 0.75757576
 [77,] 0.76767677
 [78,] 0.77777778
 [79,] 0.78787879
 [80,] 0.79797980
 [81,] 0.80808081
 [82,] 0.81818182
 [83,] 0.82828283
 [84,] 0.83838384
 [85,] 0.84848485
 [86,] 0.85858586
 [87,] 0.86868687
 [88,] 0.87878788
 [89,] 0.88888889
 [90,] 0.89898990
 [91,] 0.90909091
 [92,] 0.91919192
 [93,] 0.92929293
 [94,] 0.93939394
 [95,] 0.94949495
 [96,] 0.95959596
 [97,] 0.96969697
 [98,] 0.97979798
 [99,] 0.98989899
[100,] 1.00000000

$model.list
$model.list$response
[1] "Out"

$model.list$variables
[1] "In"


$err.fct
function (x, y) 
{
    1/2 * (y - x)^2
}
<bytecode: 0x000001f9a8eddf78>
<environment: 0x000001f9a8edc8b8>
attr(,"type")
[1] "sse"

$act.fct
function (x) 
{
    1/(1 + exp(-x))
}
<bytecode: 0x000001f9a8ee9590>
<environment: 0x000001f9a8ee8c60>
attr(,"type")
[1] "logistic"

$linear.output
[1] TRUE

$data
            In          Out
1   0.00000000 0.000000e+00
2   0.01010101 8.998227e-06
3   0.02020202 2.999409e-05
4   0.03030303 6.898641e-05
5   0.04040404 1.319740e-04
6   0.05050505 2.249557e-04
7   0.06060606 3.539303e-04
8   0.07070707 5.248966e-04
9   0.08080808 7.438535e-04
10  0.09090909 1.016800e-03
11  0.10101010 1.349734e-03
12  0.11111111 1.748656e-03
13  0.12121212 2.219563e-03
14  0.13131313 2.768455e-03
15  0.14141414 3.401330e-03
16  0.15151515 4.124188e-03
17  0.16161616 4.943026e-03
18  0.17171717 5.863845e-03
19  0.18181818 6.892642e-03
20  0.19191919 8.035417e-03
21  0.20202020 9.298168e-03
22  0.21212121 1.068689e-02
23  0.22222222 1.220760e-02
24  0.23232323 1.386627e-02
25  0.24242424 1.566891e-02
26  0.25252525 1.762153e-02
27  0.26262626 1.973011e-02
28  0.27272727 2.200067e-02
29  0.28282828 2.443919e-02
30  0.29292929 2.705167e-02
31  0.30303030 2.984412e-02
32  0.31313131 3.282253e-02
33  0.32323232 3.599291e-02
34  0.33333333 3.936125e-02
35  0.34343434 4.293354e-02
36  0.35353535 4.671580e-02
37  0.36363636 5.071401e-02
38  0.37373737 5.493418e-02
39  0.38383838 5.938230e-02
40  0.39393939 6.406438e-02
41  0.40404040 6.898641e-02
42  0.41414141 7.415439e-02
43  0.42424242 7.957432e-02
44  0.43434343 8.525221e-02
45  0.44444444 9.119403e-02
46  0.45454545 9.740581e-02
47  0.46464646 1.038935e-01
48  0.47474747 1.106632e-01
49  0.48484848 1.177208e-01
50  0.49494949 1.250724e-01
51  0.50505051 1.327239e-01
52  0.51515152 1.406813e-01
53  0.52525253 1.489507e-01
54  0.53535354 1.575380e-01
55  0.54545455 1.664492e-01
56  0.55555556 1.756904e-01
57  0.56565657 1.852675e-01
58  0.57575758 1.951865e-01
59  0.58585859 2.054535e-01
60  0.59595960 2.160744e-01
61  0.60606061 2.270553e-01
62  0.61616162 2.384020e-01
63  0.62626263 2.501207e-01
64  0.63636364 2.622173e-01
65  0.64646465 2.746979e-01
66  0.65656566 2.875683e-01
67  0.66666667 3.008347e-01
68  0.67676768 3.145030e-01
69  0.68686869 3.285793e-01
70  0.69696970 3.430694e-01
71  0.70707071 3.579795e-01
72  0.71717172 3.733155e-01
73  0.72727273 3.890834e-01
74  0.73737374 4.052892e-01
75  0.74747475 4.219389e-01
76  0.75757576 4.390385e-01
77  0.76767677 4.565941e-01
78  0.77777778 4.746115e-01
79  0.78787879 4.930969e-01
80  0.79797980 5.120561e-01
81  0.80808081 5.314953e-01
82  0.81818182 5.514204e-01
83  0.82828283 5.718373e-01
84  0.83838384 5.927522e-01
85  0.84848485 6.141710e-01
86  0.85858586 6.360997e-01
87  0.86868687 6.585443e-01
88  0.87878788 6.815107e-01
89  0.88888889 7.050051e-01
90  0.89898990 7.290334e-01
91  0.90909091 7.536015e-01
92  0.91919192 7.787156e-01
93  0.92929293 8.043815e-01
94  0.93939394 8.306054e-01
95  0.94949495 8.573931e-01
96  0.95959596 8.847507e-01
97  0.96969697 9.126842e-01
98  0.97979798 9.411996e-01
99  0.98989899 9.703029e-01
100 1.00000000 1.000000e+00

$exclude
NULL

$net.result
$net.result[[1]]
               [,1]
  [1,] 0.0018992875
  [2,] 0.0015044789
  [3,] 0.0011564887
  [4,] 0.0008601269
  [5,] 0.0006202424
  [6,] 0.0004417131
  [7,] 0.0003294360
  [8,] 0.0002883178
  [9,] 0.0003232668
 [10,] 0.0004391847
 [11,] 0.0006409599
 [12,] 0.0009334616
 [13,] 0.0013215350
 [14,] 0.0018099968
 [15,] 0.0024036329
 [16,] 0.0031071961
 [17,] 0.0039254056
 [18,] 0.0048629470
 [19,] 0.0059244737
 [20,] 0.0071146090
 [21,] 0.0084379491
 [22,] 0.0098990675
 [23,] 0.0115025190
 [24,] 0.0132528457
 [25,] 0.0151545828
 [26,] 0.0172122655
 [27,] 0.0194304353
 [28,] 0.0218136481
 [29,] 0.0243664816
 [30,] 0.0270935429
 [31,] 0.0299994767
 [32,] 0.0330889730
 [33,] 0.0363667748
 [34,] 0.0398376860
 [35,] 0.0435065785
 [36,] 0.0473783993
 [37,] 0.0514581774
 [38,] 0.0557510295
 [39,] 0.0602621661
 [40,] 0.0649968967
 [41,] 0.0699606341
 [42,] 0.0751588983
 [43,] 0.0805973203
 [44,] 0.0862816441
 [45,] 0.0922177292
 [46,] 0.0984115517
 [47,] 0.1048692049
 [48,] 0.1115968995
 [49,] 0.1186009629
 [50,] 0.1258878382
 [51,] 0.1334640824
 [52,] 0.1413363642
 [53,] 0.1495114614
 [54,] 0.1579962580
 [55,] 0.1667977407
 [56,] 0.1759229950
 [57,] 0.1853792018
 [58,] 0.1951736325
 [59,] 0.2053136447
 [60,] 0.2158066775
 [61,] 0.2266602463
 [62,] 0.2378819370
 [63,] 0.2494793998
 [64,] 0.2614603423
 [65,] 0.2738325215
 [66,] 0.2866037342
 [67,] 0.2997818059
 [68,] 0.3133745773
 [69,] 0.3273898882
 [70,] 0.3418355575
 [71,] 0.3567193594
 [72,] 0.3720489940
 [73,] 0.3878320526
 [74,] 0.4040759750
 [75,] 0.4207879998
 [76,] 0.4379751046
 [77,] 0.4556439366
 [78,] 0.4738007324
 [79,] 0.4924512243
 [80,] 0.5116005357
 [81,] 0.5312530620
 [82,] 0.5514123385
 [83,] 0.5720808953
 [84,] 0.5932600997
 [85,] 0.6149499873
 [86,] 0.6371490842
 [87,] 0.6598542224
 [88,] 0.6830603522
 [89,] 0.7067603545
 [90,] 0.7309448594
 [91,] 0.7556020752
 [92,] 0.7807176341
 [93,] 0.8062744600
 [94,] 0.8322526665
 [95,] 0.8586294885
 [96,] 0.8853792555
 [97,] 0.9124734105
 [98,] 0.9398805778
 [99,] 0.9675666831
[100,] 0.9954951272


$weights
$weights[[1]]
$weights[[1]][[1]]
          [,1]       [,2]       [,3]      [,4]      [,5]      [,6]      [,7]       [,8]      [,9]      [,10]
[1,] -1.538094  0.4073489  0.2855619 -0.318303 -3.443029 -1.015645 -0.335192 -0.2885604 -1.176533 -0.8471447
[2,] -1.145820 -1.4909498 -1.6264638  1.414619  3.206685 -1.028887 -4.310606 -1.0886956  2.136595 -1.3605314

$weights[[1]][[2]]
            [,1]       [,2]       [,3]        [,4]        [,5]       [,6]        [,7]       [,8]        [,9]
 [1,] -1.0415492 -1.2936508  0.1704774  1.88778648 -1.55609077 -0.5238615  0.46068629  0.1143858 -2.18621402
 [2,]  1.7618424 -1.3152042  1.4823483 -1.59924858 -0.34254114 -4.1649898 -0.08770485  0.0363455  0.31030243
 [3,]  1.1837922  0.1153644 -0.5395524 -1.17962762 -0.57355431 -2.1556060 -0.56561426 -1.1568153  2.33079162
 [4,]  3.6483226 -0.3594633 -1.5152258  0.14942382  0.27952548 -3.3379591  0.47803571  1.2165111  0.55926812
 [5,] -1.3307402 -1.1378212 -0.4476019  0.90893108 -0.70401119  1.5295850  0.13961834 -1.0829038  0.21811535
 [6,] -0.3589295  0.1683609  0.8718819 -0.84400676  0.89220077  0.1772849 -0.02279436 -1.0286673 -0.98347607
 [7,]  2.1530100  1.0096434  0.3175854 -0.57944854 -1.01474985 -1.0432668 -0.76909417  0.4202691 -1.47412749
 [8,] -3.9185526 -0.6992673 -0.8505234  1.35182475 -0.08423302 -4.1985313 -0.31156917 -1.9016775 -1.49463941
 [9,]  1.1274055 -0.2164121  2.0127459 -0.87802981 -1.25532363 -2.4861906  1.44461505 -0.9188526 -0.42675480
[10,] -0.1368141 -1.3333633 -1.1249105  0.84922009  1.97242996  1.2065283 -0.04859060 -0.8297000  0.04054317
[11,]  0.3672498 -1.6204920  1.5640998 -0.05065394 -1.81173952 -1.5364998  0.22716526  0.1172146  1.28245877
           [,10]
 [1,] -1.0105979
 [2,] -0.6212403
 [3,] -0.8537351
 [4,]  0.4112289
 [5,] -0.5347823
 [6,]  0.3607517
 [7,] -0.2007543
 [8,] -1.3747438
 [9,]  0.1038092
[10,] -0.4777320
[11,]  1.0899966

$weights[[1]][[3]]
             [,1]       [,2]       [,3]       [,4]        [,5]        [,6]         [,7]        [,8]       [,9]
 [1,] -0.29630479 -0.2825500  0.1409618 -0.9013147  0.19977471 -1.23483562 -0.239863533 -0.05749777 -0.1666953
 [2,]  0.45453931  2.3811434  0.1262712 -0.0417485  2.15805342 -0.02951214  0.442814239  0.94316999 -1.3965312
 [3,] -0.13649827  0.2945129  0.2440902 -3.5856001 -0.33918954  0.19905594 -0.695548509 -0.99081597  1.0791314
 [4,]  0.67959302 -0.8927088  0.4380961  0.6097959 -0.08700077 -1.29825796  0.782037085 -0.07622914 -1.0555274
 [5,] -1.71897328  0.8150322  1.1000431  0.2821273 -1.15829365 -0.55883885 -0.007205763 -1.67770178  0.5301144
 [6,]  0.01361048 -1.2258514  0.7071065  0.6545409 -1.94151271  0.18020358 -0.921898041  1.07665927  0.6819288
 [7,] -0.80361685 -3.1988109 -2.7909655  1.8899930 -1.23838209 -2.57514538 -1.693527605 -2.37260371  3.5637875
 [8,] -0.42746077  0.7830656 -1.0454296  0.6802416 -0.97794067 -1.92196004 -0.355703480  0.93995183 -1.3264702
 [9,]  0.31705897 -0.4391270  0.7658135  0.5315996  0.16180347 -1.08712161  0.615688966 -1.88664660  0.5911491
[10,]  0.22969170 -0.4321549 -0.6723090 -0.4831338 -1.64130655 -1.11648991 -0.205489942 -0.83362470 -0.4465360
[11,]  0.15932896 -0.8833504  1.9041459 -0.7746886 -1.71702295 -0.06961578  0.547022800  0.66010678  0.1342555
           [,10]
 [1,]  0.6460271
 [2,] -0.3584851
 [3,]  0.7521294
 [4,]  0.5053917
 [5,] -0.3093860
 [6,] -1.7117522
 [7,] -2.0093262
 [8,] -0.3824294
 [9,]  1.1508599
[10,]  0.3475099
[11,] -0.5371751

$weights[[1]][[4]]
            [,1]        [,2]        [,3]        [,4]         [,5]       [,6]        [,7]        [,8]        [,9]
 [1,]  1.6596251  1.58222792  0.57296872 -1.95486355  0.002531469  0.0753142 -0.49182654  0.13397117  0.69342862
 [2,] -0.4006084 -2.05933236  0.04567152 -0.44931094  2.019906735 -0.6574497 -1.18005772 -0.32057277 -2.33683731
 [3,]  1.3188265 -1.84684416  0.64625094  0.03893558  0.689014476  0.7153660 -1.04239194  0.25647290 -0.30712071
 [4,] -0.5247446 -0.51939713  0.62348010  0.55313055 -1.343362407  0.9363372 -1.32200260 -1.24845578 -0.37495835
 [5,]  0.2069716 -0.57567876 -1.53870668 -1.36721538  1.955873802 -0.7285769 -0.80674339  0.65447990  0.01971725
 [6,]  0.1189639 -0.67316026 -1.13693240  0.94541531 -0.094016214  1.1938735  0.53451470  0.99783009 -1.51449240
 [7,] -1.2914746  0.61194212 -0.51181889 -0.26367135 -1.598629234  0.3048615  0.90364272  0.05549966 -0.70161194
 [8,] -2.2477937  0.42490201 -0.41546658 -1.54277497 -1.441773349 -0.6961236  0.40539886  0.52402851  0.27267655
 [9,] -0.9344498 -0.94843694 -1.51151560 -0.55727775  0.253151940 -1.2024200  0.30809457  0.10890876 -0.43922802
[10,] -0.1801326  0.07199591 -0.49084040  0.23909196 -0.770422121  2.2765271  0.08794153 -0.71401389  1.02186153
[11,] -1.1570272  0.14120440  1.55815573  1.99929178  0.353523668  0.6287806 -0.59094365 -0.67717581 -1.50253903
           [,10]
 [1,]  0.8897833
 [2,]  0.3234568
 [3,]  1.8350898
 [4,] -0.1579162
 [5,] -0.8381376
 [6,] -0.3127026
 [7,] -0.3125638
 [8,]  1.3186557
 [9,] -0.6757743
[10,] -1.6847730
[11,]  1.2836636

$weights[[1]][[5]]
            [,1]
 [1,] -0.3150812
 [2,]  2.3360098
 [3,]  0.3372479
 [4,] -0.9752298
 [5,] -2.4311339
 [6,]  0.3275668
 [7,]  1.4242075
 [8,] -0.4481672
 [9,] -0.1768322
[10,]  0.1054542
[11,] -1.3080154



$generalized.weights
$generalized.weights[[1]]
             [,1]
  [1,] -21.757897
  [2,] -24.528790
  [3,] -27.680482
  [4,] -30.980770
  [5,] -33.543434
  [6,] -32.786494
  [7,] -23.302236
  [8,]  -1.340332
  [9,]  22.858843
 [10,]  35.639132
 [11,]  38.071328
 [12,]  36.038063
 [13,]  32.815304
 [14,]  29.603440
 [15,]  26.746075
 [16,]  24.293513
 [17,]  22.207851
 [18,]  20.432164
 [19,]  18.912233
 [20,]  17.602145
 [21,]  16.464625
 [22,]  15.469850
 [23,]  14.594026
 [24,]  13.818115
 [25,]  13.126797
 [26,]  12.507663
 [27,]  11.950579
 [28,]  11.447216
 [29,]  10.990669
 [30,]  10.575180
 [31,]  10.195911
 [32,]   9.848772
 [33,]   9.530284
 [34,]   9.237473
 [35,]   8.967780
 [36,]   8.718997
 [37,]   8.489204
 [38,]   8.276730
 [39,]   8.080114
 [40,]   7.898072
 [41,]   7.729474
 [42,]   7.573325
 [43,]   7.428743
 [44,]   7.294947
 [45,]   7.171245
 [46,]   7.057024
 [47,]   6.951739
 [48,]   6.854911
 [49,]   6.766114
 [50,]   6.684975
 [51,]   6.611169
 [52,]   6.544413
 [53,]   6.484466
 [54,]   6.431125
 [55,]   6.384226
 [56,]   6.343637
 [57,]   6.309265
 [58,]   6.281050
 [59,]   6.258964
 [60,]   6.243020
 [61,]   6.233262
 [62,]   6.229774
 [63,]   6.232680
 [64,]   6.242146
 [65,]   6.258385
 [66,]   6.281657
 [67,]   6.312279
 [68,]   6.350629
 [69,]   6.397153
 [70,]   6.452374
 [71,]   6.516907
 [72,]   6.591464
 [73,]   6.676882
 [74,]   6.774134
 [75,]   6.884362
 [76,]   7.008905
 [77,]   7.149342
 [78,]   7.307547
 [79,]   7.485752
 [80,]   7.686638
 [81,]   7.913453
 [82,]   8.170163
 [83,]   8.461664
 [84,]   8.794069
 [85,]   9.175111
 [86,]   9.614713
 [87,]  10.125826
 [88,]  10.725672
 [89,]  11.437662
 [90,]  12.294445
 [91,]  13.342956
 [92,]  14.653170
 [93,]  16.334199
 [94,]  18.566059
 [95,]  21.668378
 [96,]  26.268177
 [97,]  33.786173
 [98,]  48.273551
 [99,]  87.744465
[100,] 618.931189


$startweights
$startweights[[1]]
$startweights[[1]][[1]]
          [,1]       [,2]       [,3]       [,4]      [,5]       [,6]       [,7]       [,8]       [,9]      [,10]
[1,] -1.829577  0.2918847 -0.8198944 -0.2001592  1.116386 -1.2081956 -1.4321745 -0.2771463 -1.2040518 -0.9732204
[2,] -1.454625 -0.4151916 -1.4332815  1.3904741 -1.685677 -0.7163764 -0.9616104  0.5935856  0.2580879 -1.2058803

$startweights[[1]][[2]]
             [,1]         [,2]       [,3]        [,4]        [,5]       [,6]        [,7]        [,8]       [,9]
 [1,] -1.23205106 -1.272858126  0.1837949  2.05021640 -1.58405914 -0.5226710  0.44680310  0.13771659 -2.1702563
 [2,] -0.19429200 -1.410330000  1.3094152 -1.15894567 -0.13362478 -2.1280910  0.04565127 -0.06264447  0.2745340
 [3,] -1.05303660  0.127136836 -0.5831203 -1.05529230 -0.40352028 -1.2153546 -0.53017040 -1.14824839  2.3473105
 [4,]  1.95875799 -0.463911441 -1.7151600  0.27374086  0.42142514 -1.2875985  0.74538642  0.98604504  0.4684556
 [5,] -0.62211020 -0.003907306 -0.1641874  0.90822734 -0.96809501  0.9998621 -0.08687518 -0.88638258  0.8168327
 [6,] -0.03320167  0.154428907  0.7558925 -0.70083580  0.92259054  0.2662139  0.10950821 -1.16181549 -1.0875770
 [7,]  0.32895410  0.992535865  0.1245916 -0.47866761 -0.80176898 -0.1907767 -0.65736005  0.31437391 -1.5639358
 [8,]  0.56202350 -0.529529611 -0.8947989  0.86964475 -0.05220613 -0.1598752 -0.79230774 -1.42716293  1.1552438
 [9,]  0.59578494 -0.158487354  2.0103998 -0.86258201 -1.27797706 -1.4685343  1.44826029 -0.96087011 -0.4177389
[10,] -1.06623454 -0.846583513 -1.0220950  0.88581966  1.91605774 -0.0856068 -0.10925870 -0.76279825  0.2593252
[11,] -1.01203138 -1.718325808  1.4234212  0.07683545 -1.43867450  0.4989393  0.41773331  0.01878687  1.2466910
           [,10]
 [1,] -0.9955339
 [2,] -0.7187567
 [3,] -0.8686984
 [4,]  0.3081784
 [5,] -0.5165075
 [6,]  0.2326031
 [7,] -0.3189404
 [8,] -0.9220485
 [9,]  0.1187440
[10,] -0.4499789
[11,]  0.9772798

$startweights[[1]][[3]]
             [,1]       [,2]       [,3]        [,4]        [,5]        [,6]         [,7]        [,8]       [,9]
 [1,] -0.28221590 -0.2929461  0.1650508 -0.91728766  0.30100663 -1.27377493 -0.226549434  0.07822180 -0.1897527
 [2,]  0.42848778  2.3643553  0.1508006 -0.06617755  2.17849951 -0.73143703  0.453203489  1.07940701 -1.3898023
 [3,] -0.12143501  0.2754369  0.2249314 -3.59102668 -0.32069850  0.20536743 -0.674849925 -0.77522212  1.0741407
 [4,]  0.66682642 -0.8923878  0.4533285  0.59570927  0.01415697 -1.33669409  0.794463040  0.06040442 -1.0713416
 [5,] -1.70372476  0.8164901  1.1258150  0.25027772 -1.03871822 -0.55938196  0.006439197 -1.58098000  0.5009282
 [6,] -0.07612641 -0.7660035  0.7364374  0.61397981 -1.83089617  0.02176765 -0.956731095  0.92509745  0.5808240
 [7,] -0.76241289  0.5831911 -0.3698243 -0.51374829 -1.26791232 -2.56147663 -1.505847011 -2.15197186 -0.9417474
 [8,] -0.41221397  0.7726695 -1.0213406  0.65319474 -0.86024053 -1.96202785 -0.342389949  1.07567140 -1.3495189
 [9,]  0.33090634 -0.4501258  0.7902755  0.50755220  0.14161231 -1.14145678  0.626270028 -1.73927821  0.5775563
[10,]  0.24683653 -0.4490872 -0.6471191 -0.50805725 -1.78139431 -1.12987921 -0.189391160 -0.64785558 -0.4625123
[11,]  0.14590591 -0.8937459  1.9192051 -0.78826951 -1.59858440 -0.33538642  0.525595727  0.40836456  0.1184229
           [,10]
 [1,]  0.6703936
 [2,] -0.3343759
 [3,]  0.7484544
 [4,]  0.5165011
 [5,] -0.2815564
 [6,] -1.6824645
 [7,] -0.7166904
 [8,] -0.3588803
 [9,]  1.1730191
[10,]  0.3724097
[11,] -0.5293596

$startweights[[1]][[4]]
            [,1]        [,2]        [,3]        [,4]        [,5]        [,6]       [,7]        [,8]         [,9]
 [1,]  1.6443791  1.55517299  0.59607540 -1.93515063 -0.02223433  0.05930631 -0.4646893  0.15709606  0.664281786
 [2,] -0.4155843 -2.07342099  0.03433866 -0.43534877  2.00582113 -0.67378946 -1.1659484 -0.30457162 -2.350920178
 [3,]  1.3030910 -1.87600888  0.67287089  0.07126187  0.65982315  0.68919318 -1.0131800  0.28583132 -0.339485794
 [4,] -0.5398381 -0.54408657  0.63945223  0.57712484 -1.35934818  0.92034126 -1.3060106 -1.23246928 -0.403870864
 [5,]  0.1928785 -0.60181808 -1.51545928 -1.34015281  1.93275879 -0.74506634 -0.7833149  0.68078040 -0.009477845
 [6,]  0.1063206 -0.68830137 -1.14845210  0.96125931 -0.10920864  1.17797706  0.5497313  1.01381662 -1.527527328
 [7,] -1.2526790  0.60352544 -0.54601899 -0.25556601 -1.60664577  0.33840530  0.9121692  0.02195440 -0.711176558
 [8,] -2.2564130  0.40980400 -0.40023181 -1.52804650 -1.45680281 -0.71133517  0.4205911  0.53926725  0.258240593
 [9,] -0.9115280 -0.93535273 -1.61268680 -0.57069963  0.26625664 -1.18889328  0.2949696  0.09627969 -0.426129967
[10,] -0.1952182  0.04367668 -0.46759156  0.26504566 -0.79875358  2.26066755  0.1164097 -0.68772926  0.992614540
[11,] -1.1656850  0.12771070  1.57322910  2.02341292  0.33887638  0.61367736 -0.5758651 -0.66210222 -1.526354824
           [,10]
 [1,]  0.9166627
 [2,]  0.3392790
 [3,]  1.8644836
 [4,] -0.1311311
 [5,] -0.8084854
 [6,] -0.2974737
 [7,] -0.3262689
 [8,]  1.3322479
 [9,] -0.6931585
[10,] -0.6629041
[11,]  1.2985348

$startweights[[1]][[5]]
             [,1]
 [1,] -0.34232100
 [2,]  2.30657297
 [3,]  0.31107634
 [4,] -1.00142715
 [5,] -2.45115727
 [6,]  0.30133151
 [7,]  1.39591718
 [8,] -0.47530439
 [9,] -0.19997639
[10,]  0.07234737
[11,] -1.33421355



$result.matrix
                                [,1]
error                   5.670288e-05
reached.threshold       8.917772e-05
steps                   1.132000e+03
Intercept.to.1layhid1  -1.538094e+00
In.to.1layhid1         -1.145820e+00
Intercept.to.1layhid2   4.073489e-01
In.to.1layhid2         -1.490950e+00
Intercept.to.1layhid3   2.855619e-01
In.to.1layhid3         -1.626464e+00
Intercept.to.1layhid4  -3.183030e-01
In.to.1layhid4          1.414619e+00
Intercept.to.1layhid5  -3.443029e+00
In.to.1layhid5          3.206685e+00
Intercept.to.1layhid6  -1.015645e+00
In.to.1layhid6         -1.028887e+00
Intercept.to.1layhid7  -3.351920e-01
In.to.1layhid7         -4.310606e+00
Intercept.to.1layhid8  -2.885604e-01
In.to.1layhid8         -1.088696e+00
Intercept.to.1layhid9  -1.176533e+00
In.to.1layhid9          2.136595e+00
Intercept.to.1layhid10 -8.471447e-01
In.to.1layhid10        -1.360531e+00
Intercept.to.2layhid1  -1.041549e+00
1layhid1.to.2layhid1    1.761842e+00
1layhid2.to.2layhid1    1.183792e+00
1layhid3.to.2layhid1    3.648323e+00
1layhid4.to.2layhid1   -1.330740e+00
1layhid5.to.2layhid1   -3.589295e-01
1layhid6.to.2layhid1    2.153010e+00
1layhid7.to.2layhid1   -3.918553e+00
1layhid8.to.2layhid1    1.127405e+00
1layhid9.to.2layhid1   -1.368141e-01
1layhid10.to.2layhid1   3.672498e-01
Intercept.to.2layhid2  -1.293651e+00
1layhid1.to.2layhid2   -1.315204e+00
1layhid2.to.2layhid2    1.153644e-01
1layhid3.to.2layhid2   -3.594633e-01
1layhid4.to.2layhid2   -1.137821e+00
1layhid5.to.2layhid2    1.683609e-01
1layhid6.to.2layhid2    1.009643e+00
1layhid7.to.2layhid2   -6.992673e-01
1layhid8.to.2layhid2   -2.164121e-01
1layhid9.to.2layhid2   -1.333363e+00
1layhid10.to.2layhid2  -1.620492e+00
Intercept.to.2layhid3   1.704774e-01
1layhid1.to.2layhid3    1.482348e+00
1layhid2.to.2layhid3   -5.395524e-01
1layhid3.to.2layhid3   -1.515226e+00
1layhid4.to.2layhid3   -4.476019e-01
1layhid5.to.2layhid3    8.718819e-01
1layhid6.to.2layhid3    3.175854e-01
1layhid7.to.2layhid3   -8.505234e-01
1layhid8.to.2layhid3    2.012746e+00
1layhid9.to.2layhid3   -1.124911e+00
1layhid10.to.2layhid3   1.564100e+00
Intercept.to.2layhid4   1.887786e+00
1layhid1.to.2layhid4   -1.599249e+00
1layhid2.to.2layhid4   -1.179628e+00
1layhid3.to.2layhid4    1.494238e-01
1layhid4.to.2layhid4    9.089311e-01
1layhid5.to.2layhid4   -8.440068e-01
1layhid6.to.2layhid4   -5.794485e-01
1layhid7.to.2layhid4    1.351825e+00
1layhid8.to.2layhid4   -8.780298e-01
1layhid9.to.2layhid4    8.492201e-01
1layhid10.to.2layhid4  -5.065394e-02
Intercept.to.2layhid5  -1.556091e+00
1layhid1.to.2layhid5   -3.425411e-01
1layhid2.to.2layhid5   -5.735543e-01
1layhid3.to.2layhid5    2.795255e-01
1layhid4.to.2layhid5   -7.040112e-01
1layhid5.to.2layhid5    8.922008e-01
1layhid6.to.2layhid5   -1.014750e+00
1layhid7.to.2layhid5   -8.423302e-02
1layhid8.to.2layhid5   -1.255324e+00
1layhid9.to.2layhid5    1.972430e+00
1layhid10.to.2layhid5  -1.811740e+00
Intercept.to.2layhid6  -5.238615e-01
1layhid1.to.2layhid6   -4.164990e+00
1layhid2.to.2layhid6   -2.155606e+00
1layhid3.to.2layhid6   -3.337959e+00
1layhid4.to.2layhid6    1.529585e+00
1layhid5.to.2layhid6    1.772849e-01
1layhid6.to.2layhid6   -1.043267e+00
1layhid7.to.2layhid6   -4.198531e+00
1layhid8.to.2layhid6   -2.486191e+00
1layhid9.to.2layhid6    1.206528e+00
1layhid10.to.2layhid6  -1.536500e+00
Intercept.to.2layhid7   4.606863e-01
1layhid1.to.2layhid7   -8.770485e-02
1layhid2.to.2layhid7   -5.656143e-01
1layhid3.to.2layhid7    4.780357e-01
1layhid4.to.2layhid7    1.396183e-01
1layhid5.to.2layhid7   -2.279436e-02
1layhid6.to.2layhid7   -7.690942e-01
1layhid7.to.2layhid7   -3.115692e-01
1layhid8.to.2layhid7    1.444615e+00
1layhid9.to.2layhid7   -4.859060e-02
1layhid10.to.2layhid7   2.271653e-01
Intercept.to.2layhid8   1.143858e-01
1layhid1.to.2layhid8    3.634550e-02
1layhid2.to.2layhid8   -1.156815e+00
1layhid3.to.2layhid8    1.216511e+00
1layhid4.to.2layhid8   -1.082904e+00
1layhid5.to.2layhid8   -1.028667e+00
1layhid6.to.2layhid8    4.202691e-01
1layhid7.to.2layhid8   -1.901678e+00
1layhid8.to.2layhid8   -9.188526e-01
1layhid9.to.2layhid8   -8.297000e-01
1layhid10.to.2layhid8   1.172146e-01
Intercept.to.2layhid9  -2.186214e+00
1layhid1.to.2layhid9    3.103024e-01
1layhid2.to.2layhid9    2.330792e+00
1layhid3.to.2layhid9    5.592681e-01
1layhid4.to.2layhid9    2.181154e-01
1layhid5.to.2layhid9   -9.834761e-01
1layhid6.to.2layhid9   -1.474127e+00
1layhid7.to.2layhid9   -1.494639e+00
1layhid8.to.2layhid9   -4.267548e-01
1layhid9.to.2layhid9    4.054317e-02
1layhid10.to.2layhid9   1.282459e+00
Intercept.to.2layhid10 -1.010598e+00
1layhid1.to.2layhid10  -6.212403e-01
1layhid2.to.2layhid10  -8.537351e-01
1layhid3.to.2layhid10   4.112289e-01
1layhid4.to.2layhid10  -5.347823e-01
1layhid5.to.2layhid10   3.607517e-01
1layhid6.to.2layhid10  -2.007543e-01
1layhid7.to.2layhid10  -1.374744e+00
1layhid8.to.2layhid10   1.038092e-01
1layhid9.to.2layhid10  -4.777320e-01
1layhid10.to.2layhid10  1.089997e+00
Intercept.to.3layhid1  -2.963048e-01
2layhid1.to.3layhid1    4.545393e-01
2layhid2.to.3layhid1   -1.364983e-01
2layhid3.to.3layhid1    6.795930e-01
2layhid4.to.3layhid1   -1.718973e+00
2layhid5.to.3layhid1    1.361048e-02
2layhid6.to.3layhid1   -8.036168e-01
2layhid7.to.3layhid1   -4.274608e-01
2layhid8.to.3layhid1    3.170590e-01
2layhid9.to.3layhid1    2.296917e-01
2layhid10.to.3layhid1   1.593290e-01
Intercept.to.3layhid2  -2.825500e-01
2layhid1.to.3layhid2    2.381143e+00
2layhid2.to.3layhid2    2.945129e-01
2layhid3.to.3layhid2   -8.927088e-01
2layhid4.to.3layhid2    8.150322e-01
2layhid5.to.3layhid2   -1.225851e+00
2layhid6.to.3layhid2   -3.198811e+00
2layhid7.to.3layhid2    7.830656e-01
2layhid8.to.3layhid2   -4.391270e-01
2layhid9.to.3layhid2   -4.321549e-01
2layhid10.to.3layhid2  -8.833504e-01
Intercept.to.3layhid3   1.409618e-01
2layhid1.to.3layhid3    1.262712e-01
2layhid2.to.3layhid3    2.440902e-01
2layhid3.to.3layhid3    4.380961e-01
2layhid4.to.3layhid3    1.100043e+00
2layhid5.to.3layhid3    7.071065e-01
2layhid6.to.3layhid3   -2.790965e+00
2layhid7.to.3layhid3   -1.045430e+00
2layhid8.to.3layhid3    7.658135e-01
2layhid9.to.3layhid3   -6.723090e-01
2layhid10.to.3layhid3   1.904146e+00
Intercept.to.3layhid4  -9.013147e-01
2layhid1.to.3layhid4   -4.174850e-02
2layhid2.to.3layhid4   -3.585600e+00
2layhid3.to.3layhid4    6.097959e-01
2layhid4.to.3layhid4    2.821273e-01
2layhid5.to.3layhid4    6.545409e-01
2layhid6.to.3layhid4    1.889993e+00
2layhid7.to.3layhid4    6.802416e-01
2layhid8.to.3layhid4    5.315996e-01
2layhid9.to.3layhid4   -4.831338e-01
2layhid10.to.3layhid4  -7.746886e-01
Intercept.to.3layhid5   1.997747e-01
2layhid1.to.3layhid5    2.158053e+00
2layhid2.to.3layhid5   -3.391895e-01
2layhid3.to.3layhid5   -8.700077e-02
2layhid4.to.3layhid5   -1.158294e+00
2layhid5.to.3layhid5   -1.941513e+00
2layhid6.to.3layhid5   -1.238382e+00
2layhid7.to.3layhid5   -9.779407e-01
2layhid8.to.3layhid5    1.618035e-01
2layhid9.to.3layhid5   -1.641307e+00
2layhid10.to.3layhid5  -1.717023e+00
Intercept.to.3layhid6  -1.234836e+00
2layhid1.to.3layhid6   -2.951214e-02
2layhid2.to.3layhid6    1.990559e-01
2layhid3.to.3layhid6   -1.298258e+00
2layhid4.to.3layhid6   -5.588389e-01
2layhid5.to.3layhid6    1.802036e-01
2layhid6.to.3layhid6   -2.575145e+00
2layhid7.to.3layhid6   -1.921960e+00
2layhid8.to.3layhid6   -1.087122e+00
2layhid9.to.3layhid6   -1.116490e+00
2layhid10.to.3layhid6  -6.961578e-02
Intercept.to.3layhid7  -2.398635e-01
2layhid1.to.3layhid7    4.428142e-01
2layhid2.to.3layhid7   -6.955485e-01
2layhid3.to.3layhid7    7.820371e-01
2layhid4.to.3layhid7   -7.205763e-03
2layhid5.to.3layhid7   -9.218980e-01
2layhid6.to.3layhid7   -1.693528e+00
2layhid7.to.3layhid7   -3.557035e-01
2layhid8.to.3layhid7    6.156890e-01
2layhid9.to.3layhid7   -2.054899e-01
2layhid10.to.3layhid7   5.470228e-01
Intercept.to.3layhid8  -5.749777e-02
2layhid1.to.3layhid8    9.431700e-01
2layhid2.to.3layhid8   -9.908160e-01
2layhid3.to.3layhid8   -7.622914e-02
2layhid4.to.3layhid8   -1.677702e+00
2layhid5.to.3layhid8    1.076659e+00
2layhid6.to.3layhid8   -2.372604e+00
2layhid7.to.3layhid8    9.399518e-01
2layhid8.to.3layhid8   -1.886647e+00
2layhid9.to.3layhid8   -8.336247e-01
2layhid10.to.3layhid8   6.601068e-01
Intercept.to.3layhid9  -1.666953e-01
2layhid1.to.3layhid9   -1.396531e+00
2layhid2.to.3layhid9    1.079131e+00
2layhid3.to.3layhid9   -1.055527e+00
2layhid4.to.3layhid9    5.301144e-01
2layhid5.to.3layhid9    6.819288e-01
2layhid6.to.3layhid9    3.563788e+00
2layhid7.to.3layhid9   -1.326470e+00
2layhid8.to.3layhid9    5.911491e-01
2layhid9.to.3layhid9   -4.465360e-01
2layhid10.to.3layhid9   1.342555e-01
Intercept.to.3layhid10  6.460271e-01
2layhid1.to.3layhid10  -3.584851e-01
2layhid2.to.3layhid10   7.521294e-01
2layhid3.to.3layhid10   5.053917e-01
2layhid4.to.3layhid10  -3.093860e-01
2layhid5.to.3layhid10  -1.711752e+00
2layhid6.to.3layhid10  -2.009326e+00
2layhid7.to.3layhid10  -3.824294e-01
2layhid8.to.3layhid10   1.150860e+00
2layhid9.to.3layhid10   3.475099e-01
2layhid10.to.3layhid10 -5.371751e-01
Intercept.to.4layhid1   1.659625e+00
3layhid1.to.4layhid1   -4.006084e-01
3layhid2.to.4layhid1    1.318826e+00
3layhid3.to.4layhid1   -5.247446e-01
3layhid4.to.4layhid1    2.069716e-01
3layhid5.to.4layhid1    1.189639e-01
3layhid6.to.4layhid1   -1.291475e+00
3layhid7.to.4layhid1   -2.247794e+00
3layhid8.to.4layhid1   -9.344498e-01
3layhid9.to.4layhid1   -1.801326e-01
3layhid10.to.4layhid1  -1.157027e+00
Intercept.to.4layhid2   1.582228e+00
3layhid1.to.4layhid2   -2.059332e+00
3layhid2.to.4layhid2   -1.846844e+00
3layhid3.to.4layhid2   -5.193971e-01
3layhid4.to.4layhid2   -5.756788e-01
3layhid5.to.4layhid2   -6.731603e-01
3layhid6.to.4layhid2    6.119421e-01
3layhid7.to.4layhid2    4.249020e-01
3layhid8.to.4layhid2   -9.484369e-01
3layhid9.to.4layhid2    7.199591e-02
3layhid10.to.4layhid2   1.412044e-01
Intercept.to.4layhid3   5.729687e-01
3layhid1.to.4layhid3    4.567152e-02
3layhid2.to.4layhid3    6.462509e-01
3layhid3.to.4layhid3    6.234801e-01
3layhid4.to.4layhid3   -1.538707e+00
3layhid5.to.4layhid3   -1.136932e+00
3layhid6.to.4layhid3   -5.118189e-01
3layhid7.to.4layhid3   -4.154666e-01
3layhid8.to.4layhid3   -1.511516e+00
3layhid9.to.4layhid3   -4.908404e-01
3layhid10.to.4layhid3   1.558156e+00
Intercept.to.4layhid4  -1.954864e+00
3layhid1.to.4layhid4   -4.493109e-01
3layhid2.to.4layhid4    3.893558e-02
3layhid3.to.4layhid4    5.531306e-01
3layhid4.to.4layhid4   -1.367215e+00
3layhid5.to.4layhid4    9.454153e-01
3layhid6.to.4layhid4   -2.636713e-01
3layhid7.to.4layhid4   -1.542775e+00
3layhid8.to.4layhid4   -5.572778e-01
3layhid9.to.4layhid4    2.390920e-01
3layhid10.to.4layhid4   1.999292e+00
Intercept.to.4layhid5   2.531469e-03
3layhid1.to.4layhid5    2.019907e+00
3layhid2.to.4layhid5    6.890145e-01
3layhid3.to.4layhid5   -1.343362e+00
3layhid4.to.4layhid5    1.955874e+00
3layhid5.to.4layhid5   -9.401621e-02
3layhid6.to.4layhid5   -1.598629e+00
3layhid7.to.4layhid5   -1.441773e+00
3layhid8.to.4layhid5    2.531519e-01
3layhid9.to.4layhid5   -7.704221e-01
3layhid10.to.4layhid5   3.535237e-01
Intercept.to.4layhid6   7.531420e-02
3layhid1.to.4layhid6   -6.574497e-01
3layhid2.to.4layhid6    7.153660e-01
3layhid3.to.4layhid6    9.363372e-01
3layhid4.to.4layhid6   -7.285769e-01
3layhid5.to.4layhid6    1.193874e+00
3layhid6.to.4layhid6    3.048615e-01
3layhid7.to.4layhid6   -6.961236e-01
3layhid8.to.4layhid6   -1.202420e+00
3layhid9.to.4layhid6    2.276527e+00
3layhid10.to.4layhid6   6.287806e-01
Intercept.to.4layhid7  -4.918265e-01
3layhid1.to.4layhid7   -1.180058e+00
3layhid2.to.4layhid7   -1.042392e+00
3layhid3.to.4layhid7   -1.322003e+00
3layhid4.to.4layhid7   -8.067434e-01
3layhid5.to.4layhid7    5.345147e-01
3layhid6.to.4layhid7    9.036427e-01
3layhid7.to.4layhid7    4.053989e-01
3layhid8.to.4layhid7    3.080946e-01
3layhid9.to.4layhid7    8.794153e-02
3layhid10.to.4layhid7  -5.909437e-01
Intercept.to.4layhid8   1.339712e-01
3layhid1.to.4layhid8   -3.205728e-01
3layhid2.to.4layhid8    2.564729e-01
3layhid3.to.4layhid8   -1.248456e+00
3layhid4.to.4layhid8    6.544799e-01
3layhid5.to.4layhid8    9.978301e-01
3layhid6.to.4layhid8    5.549966e-02
3layhid7.to.4layhid8    5.240285e-01
3layhid8.to.4layhid8    1.089088e-01
3layhid9.to.4layhid8   -7.140139e-01
3layhid10.to.4layhid8  -6.771758e-01
Intercept.to.4layhid9   6.934286e-01
3layhid1.to.4layhid9   -2.336837e+00
3layhid2.to.4layhid9   -3.071207e-01
3layhid3.to.4layhid9   -3.749584e-01
3layhid4.to.4layhid9    1.971725e-02
3layhid5.to.4layhid9   -1.514492e+00
3layhid6.to.4layhid9   -7.016119e-01
3layhid7.to.4layhid9    2.726766e-01
3layhid8.to.4layhid9   -4.392280e-01
3layhid9.to.4layhid9    1.021862e+00
3layhid10.to.4layhid9  -1.502539e+00
Intercept.to.4layhid10  8.897833e-01
3layhid1.to.4layhid10   3.234568e-01
3layhid2.to.4layhid10   1.835090e+00
3layhid3.to.4layhid10  -1.579162e-01
3layhid4.to.4layhid10  -8.381376e-01
3layhid5.to.4layhid10  -3.127026e-01
3layhid6.to.4layhid10  -3.125638e-01
3layhid7.to.4layhid10   1.318656e+00
3layhid8.to.4layhid10  -6.757743e-01
3layhid9.to.4layhid10  -1.684773e+00
3layhid10.to.4layhid10  1.283664e+00
Intercept.to.Out       -3.150812e-01
4layhid1.to.Out         2.336010e+00
4layhid2.to.Out         3.372479e-01
4layhid3.to.Out        -9.752298e-01
4layhid4.to.Out        -2.431134e+00
4layhid5.to.Out         3.275668e-01
4layhid6.to.Out         1.424207e+00
4layhid7.to.Out        -4.481672e-01
4layhid8.to.Out        -1.768322e-01
4layhid9.to.Out         1.054542e-01
4layhid10.to.Out       -1.308015e+00

attr(,"class")
[1] "nn"
> plot(net.mathfunc)
> testdata <- as.data.frame(matrix(
+ c(100, 101),
+ nrow = 2,
+ ncol = 1
+ ))
> scaled.testdata <- as.data.frame(scale(testdata, center = mins, scale = maxs - mins))
> net.results <- compute(net.mathfunc, scaled.testdata)
> ls(net.results)
[1] "net.result" "neurons"   
> print(net.results$net.result * max(trainingoutput - min(trainingoutput)) + min(trainingoutput))
          [,1]
[1,]  995694.2
[2,] 1023831.7